64 64
0.2078 0.2078 0.2078 0.2078 0.2078 0.2078 0.2078 0.2078 0.2118 0.2118 0.2118 0.2118 0.2118 0.2118 0.2118 0.2118 0.2118 0.2157 0.2118 0.2118 0.2118 0.2118 0.2157 0.2157 0.2157 0.2157 0.2157 0.2157 0.2157 0.2196 0.2157 0.2157 0.2118 0.2157 0.2157 0.2118 0.2118 0.2118 0.2157 0.2157 0.2157 0.2118 0.2157 0.2118 0.2157 0.2118 0.2118 0.2118 0.2157 0.2118 0.2118 0.2078 0.2078 0.2118 0.2118 0.2118 0.2078 0.2118 0.2078 0.2078 0.2118 0.2078 0.2078 0.2078
0.2078 0.2078 0.2118 0.2078 0.2118 0.2078 0.2039 0.2118 0.2078 0.2118 0.2118 0.2118 0.2118 0.2118 0.2118 0.2118 0.2157 0.2118 0.2157 0.2157 0.2118 0.2157 0.2118 0.2118 0.2157 0.2157 0.2157 0.2157 0.2157 0.2157 0.2157 0.2157 0.2157 0.2196 0.2157 0.2196 0.2157 0.2157 0.2157 0.2118 0.2118 0.2157 0.2157 0.2157 0.2157 0.2157 0.2118 0.2157 0.2157 0.2118 0.2118 0.2118 0.2118 0.2118 0.2118 0.2118 0.2118 0.2078 0.2078 0.2078 0.2118 0.2078 0.2078 0.2078
0.2078 0.2078 0.2078 0.2118 0.2118 0.2078 0.2118 0.2078 0.2118 0.2118 0.2118 0.2157 0.2157 0.2157 0.2157 0.2118 0.2157 0.2157 0.2157 0.2157 0.2157 0.2157 0.2157 0.2157 0.2157 0.2196 0.2157 0.2196 0.2196 0.2157 0.2196 0.2157 0.2157 0.2157 0.2196 0.2157 0.2196 0.2157 0.2157 0.2196 0.2196 0.2157 0.2196 0.2196 0.2118 0.2157 0.2157 0.2157 0.2157 0.2118 0.2118 0.2118 0.2118 0.2118 0.2118 0.2118 0.2118 0.2078 0.2078 0.2118 0.2078 0.2078 0.2118 0.2078
0.2078 0.2078 0.2118 0.2118 0.2118 0.2118 0.2118 0.2118 0.2118 0.2157 0.2118 0.2157 0.2118 0.2157 0.2157 0.2157 0.2157 0.2196 0.2196 0.2196 0.2157 0.2157 0.2157 0.2196 0.2157 0.2196 0.2157 0.2196 0.2157 0.2157 0.2196 0.2157 0.2196 0.2157 0.2157 0.2196 0.2196 0.2157 0.2196 0.2157 0.2157 0.2196 0.2196 0.2157 0.2157 0.2157 0.2196 0.2157 0.2157 0.2157 0.2157 0.2157 0.2157 0.2118 0.2118 0.2118 0.2118 0.2118 0.2118 0.2118 0.2118 0.2078 0.2078 0.2078
0.2039 0.2118 0.2078 0.2078 0.2118 0.2078 0.2118 0.2118 0.2118 0.2157 0.2157 0.2157 0.2157 0.2157 0.2196 0.2196 0.2157 0.2196 0.2196 0.2196 0.2196 0.2196 0.2157 0.2196 0.2196 0.2196 0.2196 0.2196 0.2196 0.2196 0.2196 0.2196 0.2196 0.2196 0.2235 0.2196 0.2235 0.2196 0.2196 0.2235 0.2196 0.2196 0.2196 0.2235 0.2196 0.2157 0.2196 0.2157 0.2157 0.2157 0.2157 0.2157 0.2157 0.2118 0.2118 0.2157 0.2118 0.2118 0.2118 0.2118 0.2118 0.2078 0.2118 0.2078
0.2118 0.2078 0.2078 0.2118 0.2118 0.2157 0.2118 0.2157 0.2196 0.2157 0.2157 0.2157 0.2196 0.2157 0.2157 0.2196 0.2196 0.2235 0.2235 0.2235 0.2196 0.2196 0.2235 0.2235 0.2235 0.2235 0.2235 0.2235 0.2235 0.2196 0.2235 0.2235 0.2275 0.2196 0.2235 0.2196 0.2235 0.2235 0.2196 0.2196 0.2235 0.2235 0.2235 0.2235 0.2235 0.2196 0.2196 0.2196 0.2157 0.2196 0.2157 0.2196 0.2157 0.2196 0.2157 0.2157 0.2118 0.2157 0.2118 0.2118 0.2118 0.2118 0.2118 0.2118
0.2078 0.2118 0.2118 0.2118 0.2118 0.2118 0.2118 0.2157 0.2157 0.2118 0.2196 0.2196 0.2196 0.2196 0.2196 0.2196 0.2196 0.2235 0.2196 0.2235 0.2235 0.2235 0.2235 0.2196 0.2275 0.2196 0.2235 0.2235 0.2275 0.2235 0.2235 0.2235 0.2235 0.2275 0.2235 0.2235 0.2196 0.2235 0.2235 0.2275 0.2235 0.2235 0.2235 0.2196 0.2196 0.2196 0.2235 0.2235 0.2196 0.2196 0.2235 0.2196 0.2196 0.2157 0.2196 0.2157 0.2157 0.2157 0.2157 0.2118 0.2118 0.2118 0.2118 0.2157
0.1882 0.2118 0.2118 0.2118 0.2157 0.2157 0.2157 0.2157 0.2157 0.2196 0.2196 0.2196 0.2196 0.2196 0.2235 0.2235 0.2235 0.2235 0.2235 0.2275 0.2235 0.2235 0.2235 0.2275 0.2275 0.2275 0.2275 0.2275 0.2275 0.2275 0.2314 0.2275 0.2235 0.2235 0.2235 0.2314 0.2275 0.2275 0.2235 0.2275 0.2275 0.2275 0.2275 0.2275 0.2275 0.2235 0.2235 0.2235 0.2196 0.2235 0.2235 0.2196 0.2196 0.2157 0.2196 0.2196 0.2157 0.2196 0.2157 0.2157 0.2157 0.2157 0.2118 0.2118
0.1882 0.1882 0.2118 0.2118 0.2157 0.2157 0.2118 0.2196 0.2196 0.2196 0.2157 0.2196 0.2196 0.2235 0.2235 0.2235 0.2196 0.2275 0.2235 0.2275 0.2275 0.2275 0.2314 0.2314 0.2275 0.2314 0.2275 0.2314 0.2314 0.2314 0.2275 0.2314 0.2314 0.2314 0.2353 0.2275 0.2275 0.2314 0.2314 0.2275 0.2275 0.2275 0.2275 0.2235 0.2275 0.2235 0.2235 0.2275 0.2275 0.2235 0.2235 0.2235 0.2235 0.2196 0.2235 0.2196 0.2196 0.2196 0.2157 0.2157 0.2157 0.2157 0.1882 0.1882
0.1922 0.1882 0.1922 0.1882 0.2157 0.2157 0.2196 0.2157 0.2235 0.2196 0.2235 0.2235 0.2235 0.2235 0.2235 0.2235 0.2275 0.2235 0.2275 0.2275 0.2275 0.2314 0.2314 0.2314 0.2314 0.2314 0.2353 0.2314 0.2353 0.2314 0.2314 0.2314 0.2314 0.2353 0.2353 0.2314 0.2314 0.2275 0.2353 0.2353 0.2314 0.2275 0.2314 0.2275 0.2275 0.2275 0.2275 0.2275 0.2235 0.2275 0.2235 0.2196 0.2235 0.2196 0.2235 0.2196 0.2196 0.2196 0.2157 0.2157 0.2157 0.1922 0.1882 0.1882
0.1882 0.1882 0.1882 0.1882 0.1882 0.2196 0.2235 0.2196 0.2196 0.2235 0.2235 0.2235 0.2275 0.2275 0.2275 0.2275 0.2275 0.2275 0.2314 0.2353 0.2314 0.2314 0.2314 0.2353 0.2353 0.2353 0.2314 0.2353 0.2392 0.2314 0.2314 0.2353 0.2353 0.2392 0.2353 0.2353 0.2353 0.2353 0.2353 0.2353 0.2353 0.2353 0.2314 0.2314 0.2353 0.2275 0.2275 0.2314 0.2275 0.2275 0.2275 0.2275 0.2275 0.2235 0.2235 0.2196 0.2196 0.2196 0.2196 0.2157 0.1922 0.1922 0.1882 0.1882
0.1882 0.1882 0.1882 0.1882 0.1922 0.1922 0.2196 0.2196 0.2235 0.2235 0.2275 0.2275 0.2235 0.2314 0.2275 0.2275 0.2314 0.2314 0.2314 0.2353 0.2353 0.2353 0.2392 0.2392 0.2353 0.2392 0.2431 0.2392 0.2392 0.2392 0.2392 0.2431 0.2392 0.2353 0.2392 0.2353 0.2353 0.2392 0.2392 0.2353 0.2392 0.2353 0.2353 0.2353 0.2353 0.2314 0.2353 0.2314 0.2275 0.2314 0.2314 0.2275 0.2235 0.2235 0.2235 0.2235 0.2235 0.2196 0.2196 0.1922 0.1922 0.1922 0.1922 0.1922
0.1922 0.1922 0.1922 0.1922 0.1961 0.1922 0.1961 0.2235 0.2196 0.2275 0.2275 0.2275 0.2275 0.2314 0.2314 0.2314 0.2314 0.2353 0.2314 0.2392 0.2392 0.2392 0.2392 0.2392 0.2392 0.2392 0.2392 0.2392 0.2392 0.2431 0.2431 0.2431 0.2431 0.2431 0.2431 0.2431 0.2431 0.2431 0.2431 0.2392 0.2431 0.2392 0.2431 0.2392 0.2314 0.2392 0.2392 0.2353 0.2314 0.2314 0.2275 0.2314 0.2314 0.2235 0.2275 0.2235 0.2235 0.1961 0.1961 0.1961 0.1922 0.1922 0.1961 0.1922
0.1922 0.1922 0.1922 0.1922 0.1922 0.1922 0.1961 0.1961 0.1961 0.2275 0.2314 0.2314 0.2314 0.2314 0.2353 0.2392 0.2392 0.2392 0.2353 0.2431 0.2471 0.2431 0.2471 0.2431 0.2431 0.2510 0.2471 0.2510 0.2510 0.2471 0.2510 0.2471 0.2510 0.2510 0.2471 0.2471 0.2510 0.2510 0.2471 0.2471 0.2431 0.2431 0.2431 0.2392 0.2431 0.2392 0.2392 0.2392 0.2353 0.2353 0.2353 0.2314 0.2314 0.2275 0.2275 0.2235 0.1961 0.1961 0.2000 0.1922 0.1922 0.1922 0.1922 0.1922
0.1922 0.1922 0.1922 0.1922 0.1961 0.1961 0.1961 0.1961 0.1961 0.1961 0.2275 0.2314 0.2353 0.2353 0.2353 0.2392 0.2431 0.2431 0.2431 0.2431 0.2471 0.2471 0.2510 0.2471 0.2549 0.2549 0.2510 0.2510 0.2588 0.2471 0.2549 0.2549 0.2588 0.2549 0.2510 0.2549 0.2549 0.2510 0.2510 0.2510 0.2510 0.2510 0.2510 0.2471 0.2510 0.2471 0.2431 0.2431 0.2392 0.2392 0.2353 0.2353 0.2353 0.2314 0.2314 0.2000 0.1922 0.1961 0.1961 0.1922 0.1961 0.1961 0.1961 0.1922
0.1922 0.1882 0.1922 0.1961 0.1961 0.1961 0.2000 0.1961 0.2000 0.2000 0.2000 0.2314 0.2353 0.2431 0.2392 0.2431 0.2471 0.2431 0.2471 0.2510 0.2510 0.2549 0.2549 0.2588 0.2549 0.2549 0.2588 0.2588 0.2588 0.2627 0.2588 0.2588 0.2627 0.2588 0.2627 0.2588 0.2588 0.2627 0.2588 0.2314 0.2588 0.2196 0.1961 0.1961 0.2196 0.2039 0.2039 0.2471 0.2235 0.2431 0.2392 0.2392 0.2392 0.2314 0.2000 0.1961 0.2000 0.2000 0.2000 0.1961 0.1961 0.1961 0.1922 0.1961
0.1922 0.1922 0.1922 0.1961 0.2000 0.2000 0.2000 0.2000 0.2000 0.2039 0.2039 0.2039 0.2353 0.2392 0.2471 0.2431 0.2510 0.2471 0.2549 0.2549 0.2549 0.2549 0.2588 0.2627 0.2627 0.2627 0.2588 0.2667 0.2667 0.2667 0.2667 0.2706 0.2706 0.2667 0.2706 0.2588 0.2471 0.2275 0.2157 0.1922 0.1647 0.1608 0.2039 0.1608 0.1843 0.1843 0.1961 0.1961 0.2157 0.2353 0.2314 0.2431 0.2392 0.2039 0.2039 0.2000 0.2000 0.2000 0.1961 0.2000 0.2000 0.1961 0.1961 0.1961
0.1961 0.1961 0.1961 0.2000 0.2039 0.2000 0.2000 0.2000 0.2000 0.2039 0.2039 0.2078 0.2078 0.2078 0.2431 0.2471 0.2510 0.2588 0.2549 0.2549 0.2588 0.2627 0.2667 0.2627 0.2706 0.2706 0.2745 0.2745 0.2784 0.2745 0.2784 0.2706 0.2784 0.2627 0.2392 0.1804 0.1490 0.1647 0.1373 0.1373 0.1373 0.1373 0.1373 0.1373 0.1373 0.1373 0.1373 0.1490 0.1843 0.2039 0.2353 0.2039 0.2078 0.2039 0.2039 0.2039 0.2078 0.2039 0.2000 0.2000 0.2000 0.1961 0.1961 0.1961
0.1961 0.1961 0.1961 0.1961 0.1961 0.2000 0.2039 0.2039 0.2039 0.2078 0.2078 0.2039 0.2118 0.2118 0.2118 0.2471 0.2510 0.2588 0.2588 0.2588 0.2667 0.2667 0.2745 0.2784 0.2784 0.2784 0.2824 0.2824 0.2863 0.2863 0.2863 0.2863 0.2549 0.2471 0.1529 0.1373 0.1373 0.1373 0.1373 0.1373 0.1373 0.1373 0.1373 0.1373 0.1373 0.1373 0.1490 0.1373 0.1843 0.2196 0.2039 0.2118 0.2118 0.2078 0.2039 0.2039 0.2039 0.2000 0.2000 0.2000 0.2000 0.1961 0.2000 0.1961
0.1961 0.2000 0.2000 0.2000 0.2000 0.2000 0.2000 0.2078 0.2039 0.2078 0.2078 0.2078 0.2118 0.2157 0.2118 0.2157 0.2549 0.2588 0.2627 0.2706 0.2706 0.2745 0.2784 0.2784 0.2824 0.2784 0.2941 0.2980 0.2941 0.2941 0.2941 0.3020 0.1882 0.1373 0.1373 0.1373 0.1373 0.1373 0.1373 0.1373 0.1373 0.1373 0.1373 0.1373 0.1373 0.1373 0.1490 0.1490 0.1725 0.2000 0.2157 0.2118 0.2078 0.2078 0.2078 0.2078 0.2039 0.2039 0.2039 0.2039 0.2039 0.2000 0.2000 0.1961
0.1961 0.2039 0.2000 0.2000 0.2039 0.2000 0.2078 0.2078 0.2118 0.2118 0.2078 0.2157 0.2157 0.2157 0.2157 0.2196 0.2196 0.2667 0.2627 0.2745 0.2745 0.2784 0.2863 0.2902 0.2902 0.2941 0.2980 0.3020 0.3059 0.3059 0.3059 0.3137 0.2039 0.1373 0.1373 0.1373 0.1373 0.1373 0.1373 0.1373 0.1373 0.1373 0.1373 0.1373 0.1373 0.1490 0.1882 0.2078 0.2196 0.2196 0.2196 0.2157 0.2157 0.2078 0.2118 0.2118 0.2118 0.2078 0.2039 0.2039 0.2039 0.2000 0.2000 0.2000
0.1961 0.2000 0.2000 0.2039 0.2039 0.2000 0.2039 0.2078 0.2078 0.2118 0.2118 0.2118 0.2157 0.2196 0.2235 0.2235 0.2235 0.2275 0.2235 0.2667 0.2745 0.2784 0.2863 0.2941 0.3020 0.3020 0.3059 0.3137 0.3098 0.3176 0.3176 0.3216 0.3216 0.2980 0.1529 0.1373 0.1373 0.1373 0.1373 0.1373 0.1373 0.1373 0.1490 0.1804 0.2706 0.2706 0.2196 0.2275 0.2235 0.2235 0.2196 0.2196 0.2157 0.2157 0.2118 0.2118 0.2118 0.2078 0.2039 0.2039 0.2078 0.2000 0.2000 0.2000
0.2000 0.2000 0.2039 0.2039 0.2078 0.2078 0.2078 0.2078 0.2118 0.2118 0.2157 0.2157 0.2196 0.2235 0.2235 0.2275 0.2275 0.2314 0.2275 0.2275 0.2667 0.2706 0.2824 0.2863 0.2941 0.3020 0.3098 0.3137 0.3137 0.3216 0.3216 0.3216 0.3255 0.3255 0.3216 0.2706 0.2980 0.3176 0.3529 0.3961 0.2941 0.2863 0.2863 0.2784 0.2667 0.2275 0.2275 0.2314 0.2314 0.2235 0.2235 0.2196 0.2196 0.2196 0.2157 0.2157 0.2078 0.2078 0.2118 0.2039 0.2078 0.2039 0.2039 0.2000
0.2039 0.2000 0.2039 0.2000 0.2039 0.2039 0.2078 0.2118 0.2118 0.2196 0.2118 0.2196 0.2235 0.2275 0.2275 0.2314 0.2353 0.2353 0.2353 0.2353 0.2275 0.1882 0.1882 0.2039 0.1373 0.1373 0.1373 0.3137 0.3098 0.3137 0.3137 0.3176 0.3176 0.3176 0.2627 0.2588 0.2627 0.2706 0.2784 0.2980 0.3373 0.2824 0.2706 0.2627 0.2235 0.2353 0.2353 0.2353 0.2314 0.2314 0.2275 0.2275 0.2196 0.2196 0.2157 0.2157 0.2157 0.2118 0.2078 0.2078 0.2039 0.2078 0.2039 0.2000
0.2000 0.2000 0.2078 0.2078 0.2078 0.2078 0.2118 0.2118 0.2157 0.2157 0.2235 0.2235 0.2275 0.2314 0.2353 0.2353 0.2392 0.2392 0.2431 0.2392 0.2353 0.1608 0.1373 0.1373 0.1373 0.1373 0.1373 0.3216 0.3255 0.3255 0.3216 0.3176 0.2941 0.2706 0.2314 0.2431 0.2431 0.2510 0.2588 0.2667 0.2784 0.0000 0.2118 0.2235 0.2353 0.2392 0.2392 0.2431 0.2392 0.2353 0.2314 0.2314 0.2235 0.2235 0.2235 0.2157 0.2118 0.2157 0.2157 0.2118 0.2118 0.2039 0.2000 0.2000
0.2039 0.2039 0.2039 0.2078 0.2078 0.2157 0.2118 0.2157 0.2196 0.2196 0.2235 0.2275 0.2275 0.2314 0.2392 0.2392 0.2471 0.2471 0.2471 0.2471 0.2431 0.1843 0.1373 0.1373 0.1373 0.1373 0.1373 0.1373 0.1373 0.1373 0.2039 0.3020 0.2275 0.2392 0.2275 0.2314 0.2353 0.2392 0.2392 0.2471 0.2549 0.0000 0.2196 0.2314 0.2431 0.2471 0.2510 0.2471 0.2431 0.2392 0.2392 0.2314 0.2314 0.2314 0.2235 0.2196 0.2196 0.2157 0.2118 0.2078 0.2039 0.2078 0.2039 0.2039
0.2039 0.2039 0.2039 0.2078 0.2118 0.2118 0.2118 0.2196 0.2157 0.2196 0.2275 0.2314 0.2275 0.2392 0.2431 0.2471 0.2510 0.2549 0.2549 0.2549 0.2510 0.1765 0.1373 0.1373 0.1373 0.1373 0.1373 0.2627 0.2392 0.1373 0.2471 0.2235 0.2275 0.2275 0.2157 0.2235 0.2275 0.2314 0.2353 0.2392 0.2392 0.1373 0.2275 0.2431 0.2510 0.2549 0.2549 0.2549 0.2510 0.2471 0.2431 0.2353 0.2314 0.2275 0.2275 0.2235 0.2235 0.2157 0.2157 0.2118 0.2078 0.2039 0.2078 0.2039
0.2039 0.2039 0.2078 0.2078 0.2118 0.2118 0.2118 0.2196 0.2196 0.2235 0.2275 0.2314 0.2353 0.2431 0.2471 0.2510 0.2588 0.2627 0.2667 0.2667 0.2627 0.1922 0.1373 0.1373 0.1373 0.1373 0.1451 0.2353 0.2275 0.1961 0.2314 0.2353 0.2353 0.2196 0.2078 0.2157 0.2196 0.2235 0.2275 0.2275 0.2157 0.0000 0.2392 0.2510 0.2627 0.2667 0.2627 0.2588 0.2588 0.2549 0.2431 0.2431 0.2353 0.2314 0.2314 0.2235 0.2196 0.2196 0.2157 0.2118 0.2118 0.2078 0.2039 0.2039
0.2039 0.2039 0.2078 0.2157 0.2118 0.2118 0.2196 0.2235 0.2196 0.2275 0.2275 0.2314 0.2392 0.2431 0.2510 0.2549 0.2627 0.2667 0.2745 0.2745 0.2706 0.2196 0.1373 0.1373 0.1373 0.1373 0.1451 0.2275 0.2275 0.2078 0.2431 0.2471 0.2588 0.2588 0.2588 0.2627 0.2667 0.2667 0.2706 0.2784 0.2941 0.0000 0.2431 0.2627 0.2706 0.2745 0.2745 0.2706 0.2627 0.2549 0.2549 0.2471 0.2392 0.2353 0.2314 0.2275 0.2196 0.2196 0.2196 0.2118 0.2118 0.2118 0.2078 0.2039
0.2078 0.2078 0.2078 0.2078 0.2157 0.2157 0.2196 0.2196 0.2235 0.2275 0.2353 0.2353 0.2431 0.2510 0.2588 0.2627 0.2667 0.2824 0.2824 0.2863 0.2824 0.2314 0.1373 0.1373 0.1373 0.1451 0.1451 0.2235 0.2157 0.2000 0.2549 0.2627 0.2745 0.2824 0.2863 0.2784 0.2824 0.2863 0.2863 0.3020 0.3176 0.2314 0.2549 0.2745 0.2824 0.2863 0.2863 0.2784 0.2706 0.2627 0.2549 0.2471 0.2431 0.2392 0.2314 0.2275 0.2275 0.2235 0.2196 0.2157 0.2078 0.2078 0.2118 0.2078
0.2078 0.2118 0.2078 0.2118 0.2157 0.2157 0.2196 0.2235 0.2314 0.2314 0.2392 0.2392 0.2471 0.2549 0.2588 0.2706 0.2784 0.2902 0.2941 0.2980 0.2941 0.2863 0.1725 0.1451 0.1373 0.1451 0.1608 0.2196 0.2078 0.2392 0.2667 0.2784 0.2902 0.2902 0.0980 0.2941 0.2980 0.3020 0.3059 0.3176 0.2471 0.2353 0.2667 0.2863 0.2980 0.3020 0.2941 0.2863 0.2745 0.2745 0.2588 0.2471 0.2471 0.2392 0.2353 0.2314 0.2275 0.2196 0.2196 0.2196 0.2157 0.2118 0.2078 0.2078
0.2078 0.2078 0.2118 0.2157 0.2157 0.2235 0.2196 0.2275 0.2235 0.2314 0.2353 0.2431 0.2471 0.2588 0.2667 0.2784 0.2824 0.3020 0.3059 0.3137 0.3137 0.2980 0.2314 0.2118 0.2549 0.1961 0.2471 0.1373 0.1373 0.2784 0.2902 0.2980 0.3098 0.3059 0.3020 0.2941 0.2863 0.2824 0.2706 0.2588 0.2510 0.2431 0.2706 0.2980 0.3098 0.3137 0.3020 0.2980 0.2824 0.2784 0.2627 0.2549 0.2471 0.2471 0.2392 0.2353 0.2275 0.2275 0.2235 0.2157 0.2196 0.2118 0.2118 0.2078
0.2078 0.2078 0.2157 0.2157 0.2196 0.2235 0.2235 0.2235 0.2353 0.2353 0.2392 0.2510 0.2510 0.2627 0.2745 0.2824 0.2902 0.3020 0.3137 0.3255 0.3216 0.3059 0.2863 0.2510 0.2588 0.2784 0.2902 0.2627 0.2745 0.2902 0.3059 0.3216 0.3255 0.3216 0.3176 0.3137 0.3020 0.2902 0.2824 0.2667 0.2549 0.2471 0.2824 0.3098 0.3255 0.3255 0.3137 0.3059 0.2902 0.2784 0.2667 0.2627 0.2510 0.2471 0.2392 0.2353 0.2275 0.2235 0.2235 0.2235 0.2196 0.2157 0.2118 0.2118
0.2118 0.2118 0.2118 0.2157 0.2196 0.2196 0.2275 0.2314 0.2353 0.2353 0.2431 0.2471 0.2627 0.2706 0.2745 0.2902 0.3020 0.3137 0.3255 0.3333 0.3373 0.3294 0.2941 0.2549 0.2706 0.2863 0.3020 0.2745 0.2902 0.3137 0.3294 0.3294 0.3412 0.3373 0.3333 0.3294 0.3176 0.3098 0.2902 0.2784 0.2706 0.2588 0.2941 0.3294 0.3373 0.3333 0.3333 0.3098 0.2980 0.2863 0.2824 0.2667 0.2588 0.2471 0.2392 0.2353 0.2314 0.2275 0.2235 0.2196 0.2196 0.2157 0.2078 0.2118
0.2078 0.2078 0.2157 0.2196 0.2196 0.2235 0.2275 0.2314 0.2353 0.2392 0.2471 0.2549 0.2588 0.2706 0.2863 0.3020 0.3059 0.3255 0.3373 0.3490 0.3608 0.3373 0.3098 0.2627 0.2706 0.2902 0.3020 0.3176 0.3373 0.3451 0.3529 0.3529 0.3608 0.3608 0.3529 0.3490 0.3294 0.3216 0.3020 0.2902 0.2745 0.2667 0.3059 0.3412 0.3529 0.3529 0.3412 0.3294 0.3059 0.2941 0.2824 0.2667 0.2588 0.2510 0.2471 0.2431 0.2353 0.2275 0.2235 0.2235 0.2157 0.2157 0.2118 0.2118
0.2118 0.2157 0.2118 0.2157 0.2196 0.2235 0.2235 0.2314 0.2314 0.2392 0.2431 0.2549 0.2627 0.2745 0.2824 0.3020 0.3176 0.3333 0.3529 0.3647 0.3647 0.3569 0.3216 0.2667 0.2784 0.2980 0.3098 0.3255 0.3569 0.3529 0.3608 0.3765 0.3843 0.3843 0.3686 0.3529 0.3333 0.3255 0.3137 0.2941 0.2824 0.2706 0.3137 0.3451 0.3686 0.3647 0.3569 0.3412 0.3137 0.2941 0.2863 0.2784 0.2588 0.2549 0.2471 0.2392 0.2392 0.2314 0.2275 0.2235 0.2235 0.2196 0.2157 0.2118
0.2078 0.2157 0.2157 0.2196 0.2275 0.2275 0.2275 0.2314 0.2392 0.2431 0.2471 0.2549 0.2667 0.2824 0.2902 0.3059 0.3176 0.3412 0.3725 0.3804 0.3882 0.3608 0.3255 0.2627 0.2863 0.3059 0.3216 0.3451 0.3647 0.3647 0.3922 0.3843 0.3922 0.3922 0.3882 0.3608 0.3529 0.3333 0.3255 0.3020 0.2902 0.2667 0.3216 0.3529 0.3804 0.3725 0.3647 0.3373 0.3176 0.3020 0.2941 0.2706 0.2627 0.2549 0.2510 0.2392 0.2353 0.2353 0.2275 0.2275 0.2235 0.2235 0.2157 0.2118
0.2118 0.2118 0.2157 0.2157 0.2196 0.2235 0.2314 0.2353 0.2431 0.2471 0.2471 0.2588 0.2706 0.2863 0.2941 0.3137 0.3255 0.3608 0.3686 0.3961 0.3922 0.3686 0.3333 0.2706 0.2941 0.2980 0.3294 0.3451 0.3529 0.3765 0.3922 0.3843 0.4118 0.4000 0.3843 0.3804 0.3569 0.3333 0.3255 0.3059 0.2902 0.2745 0.3255 0.3647 0.3882 0.4000 0.3725 0.3529 0.3255 0.3059 0.2902 0.2824 0.2627 0.2588 0.2549 0.2471 0.2353 0.2353 0.2275 0.2196 0.2235 0.2235 0.2157 0.2118
0.2118 0.2157 0.2157 0.2235 0.2196 0.2275 0.2275 0.2353 0.2353 0.2510 0.2510 0.2549 0.2745 0.2863 0.2902 0.3098 0.3412 0.3686 0.3843 0.4078 0.4157 0.3804 0.3294 0.2745 0.2824 0.3059 0.3255 0.3529 0.3490 0.3882 0.3961 0.3961 0.4000 0.3961 0.3765 0.3765 0.3647 0.3333 0.3216 0.3098 0.2902 0.2706 0.3294 0.3882 0.4078 0.4118 0.3843 0.3569 0.3412 0.3176 0.2902 0.2824 0.2745 0.2627 0.2510 0.2431 0.2392 0.2392 0.2275 0.2235 0.2196 0.2196 0.2157 0.2118
0.2157 0.2196 0.2196 0.2196 0.2275 0.2314 0.2314 0.2392 0.2392 0.2510 0.2471 0.2627 0.2706 0.2902 0.3098 0.3137 0.3490 0.3686 0.3804 0.4235 0.4235 0.3961 0.3373 0.2745 0.2902 0.3137 0.3333 0.3333 0.3490 0.3804 0.3922 0.4157 0.4039 0.3922 0.3843 0.3725 0.3647 0.3451 0.3216 0.3137 0.2902 0.2745 0.3373 0.3765 0.4039 0.4118 0.3922 0.3608 0.3412 0.3176 0.2980 0.2863 0.2745 0.2588 0.2510 0.2471 0.2353 0.2353 0.2314 0.2235 0.2235 0.2196 0.2196 0.2157
0.2118 0.2196 0.2157 0.2157 0.2275 0.2275 0.2353 0.2392 0.2431 0.2510 0.2549 0.2627 0.2824 0.2902 0.3059 0.3176 0.3333 0.3725 0.3922 0.4039 0.4078 0.3765 0.3294 0.1647 0.1686 0.1725 0.1804 0.1804 0.2000 0.1961 0.2000 0.2118 0.2196 0.2196 0.2157 0.2157 0.2000 0.1922 0.1843 0.1765 0.1686 0.1647 0.1569 0.3804 0.4235 0.4078 0.3961 0.3686 0.3451 0.3216 0.3020 0.2902 0.2784 0.2627 0.2510 0.2510 0.2431 0.2392 0.2353 0.2235 0.2235 0.2235 0.2196 0.2196
0.2118 0.2196 0.2196 0.2235 0.2275 0.2275 0.2275 0.2392 0.2392 0.2510 0.2588 0.2706 0.2824 0.2824 0.3137 0.3216 0.3529 0.3686 0.3961 0.4039 0.4118 0.1686 0.1725 0.1843 0.2039 0.2078 0.2196 0.2627 0.2745 0.3843 0.4039 0.4706 0.4902 0.5961 0.4980 0.3451 0.3176 0.2549 0.2235 0.2078 0.1922 0.1843 0.1765 0.1686 0.4196 0.4118 0.3804 0.3725 0.3412 0.3216 0.3098 0.2941 0.2745 0.2667 0.2549 0.2471 0.2471 0.2353 0.2353 0.2275 0.2196 0.2235 0.2235 0.2196
0.2118 0.2196 0.2196 0.2235 0.2314 0.2314 0.2353 0.2353 0.2471 0.2471 0.2627 0.2667 0.2824 0.2902 0.3137 0.3294 0.3412 0.3765 0.4000 0.4078 0.1725 0.1765 0.1922 0.2000 0.2078 0.2431 0.2745 0.3176 0.4510 0.6902 1.0000 1.0000 1.0000 1.0000 1.0000 0.5882 0.5569 0.3176 0.2588 0.2510 0.2235 0.2000 0.1804 0.1843 0.1725 0.3961 0.3922 0.3765 0.3529 0.3176 0.3098 0.2980 0.2784 0.2706 0.2667 0.2510 0.2510 0.2392 0.2314 0.2275 0.2275 0.2235 0.2157 0.2196
0.2157 0.2157 0.2196 0.2275 0.2235 0.2314 0.2392 0.2431 0.2431 0.2471 0.2588 0.2706 0.2784 0.2980 0.3098 0.3255 0.3569 0.3804 0.3843 0.1686 0.1765 0.1843 0.1961 0.2078 0.2235 0.2431 0.2824 0.2941 0.4275 0.4667 0.4196 0.6667 0.5686 0.5255 0.4980 0.4784 0.3451 0.3804 0.2784 0.2275 0.2275 0.2078 0.1922 0.1804 0.1804 0.1725 0.4000 0.3725 0.3529 0.3255 0.3098 0.2902 0.2706 0.2706 0.2588 0.2549 0.2471 0.2353 0.2392 0.2353 0.2275 0.2196 0.2235 0.2157
0.2118 0.2157 0.2196 0.2275 0.2314 0.2235 0.2353 0.2471 0.2510 0.2549 0.2627 0.2745 0.2824 0.2863 0.3059 0.3373 0.3412 0.3765 0.1686 0.1725 0.1765 0.1843 0.1882 0.2000 0.2157 0.2196 0.2510 0.2353 0.2667 0.2824 0.2941 0.2941 0.3255 0.3137 0.2667 0.2627 0.2745 0.2588 0.2549 0.2196 0.2078 0.2118 0.1961 0.1804 0.1765 0.1686 0.1647 0.1647 0.3451 0.3255 0.3059 0.3020 0.2863 0.2745 0.2588 0.2549 0.2510 0.2431 0.2314 0.2353 0.2235 0.2275 0.2196 0.2157
0.2118 0.2196 0.2235 0.2196 0.2235 0.2353 0.2353 0.2392 0.2471 0.2588 0.2627 0.2667 0.2784 0.2902 0.3098 0.3098 0.1608 0.1647 0.1686 0.1725 0.1725 0.1804 0.1843 0.1882 0.1922 0.2000 0.2078 0.2157 0.2118 0.2392 0.2196 0.2353 0.2275 0.2196 0.2196 0.2235 0.2196 0.2196 0.2078 0.1922 0.2000 0.1843 0.1765 0.1804 0.1725 0.1725 0.1686 0.1647 0.1647 0.3255 0.3176 0.2980 0.2863 0.2745 0.2667 0.2510 0.2431 0.2392 0.2314 0.2235 0.2275 0.2275 0.2196 0.2157
0.2157 0.2196 0.2157 0.2275 0.2275 0.2314 0.2353 0.2431 0.2510 0.2549 0.2549 0.2667 0.2863 0.2902 0.3137 0.1608 0.1608 0.1647 0.1686 0.1686 0.1647 0.1725 0.1725 0.1765 0.1765 0.1804 0.1961 0.1922 0.1882 0.1922 0.2000 0.2000 0.2000 0.2000 0.2078 0.2000 0.1922 0.1882 0.1882 0.1882 0.1765 0.1725 0.1765 0.1725 0.1686 0.1647 0.1608 0.1608 0.1608 0.1608 0.3098 0.2941 0.2824 0.2745 0.2627 0.2549 0.2431 0.2431 0.2392 0.2392 0.2275 0.2275 0.2196 0.2196
0.2157 0.2196 0.2275 0.2235 0.2275 0.2314 0.2353 0.2353 0.2510 0.2549 0.2588 0.2667 0.2745 0.2863 0.1569 0.1569 0.1608 0.1608 0.1647 0.1647 0.1686 0.1686 0.1686 0.1686 0.1725 0.1765 0.1725 0.1804 0.1843 0.1843 0.1843 0.1804 0.1843 0.1804 0.1804 0.1804 0.1804 0.1843 0.1804 0.1725 0.1765 0.1725 0.1725 0.1686 0.1686 0.1608 0.1647 0.1608 0.1608 0.1569 0.1569 0.2941 0.2824 0.2627 0.2627 0.2549 0.2471 0.2392 0.2392 0.2275 0.2314 0.2235 0.2235 0.2196
0.2196 0.2196 0.2235 0.2275 0.2275 0.2314 0.2353 0.2471 0.2549 0.2510 0.2588 0.2745 0.1529 0.1569 0.1569 0.1569 0.1608 0.1569 0.1608 0.1608 0.1647 0.1647 0.1647 0.1647 0.1686 0.1647 0.1725 0.1686 0.1725 0.1725 0.1686 0.1725 0.1765 0.1725 0.1765 0.1725 0.1725 0.1725 0.1686 0.1647 0.1647 0.1647 0.1647 0.1686 0.1647 0.1608 0.1608 0.1569 0.1569 0.1569 0.1569 0.1569 0.1529 0.2706 0.2667 0.2588 0.2471 0.2353 0.2431 0.2275 0.2275 0.2235 0.2235 0.2196
0.2118 0.2196 0.2196 0.2314 0.2275 0.2314 0.2353 0.2431 0.2510 0.2549 0.2627 0.1529 0.1529 0.1529 0.1529 0.1529 0.1569 0.1569 0.1569 0.1608 0.1569 0.1608 0.1608 0.1608 0.1647 0.1608 0.1647 0.1647 0.1647 0.1647 0.1686 0.1686 0.1647 0.1686 0.1647 0.1686 0.1647 0.1647 0.1647 0.1647 0.1647 0.1608 0.1608 0.1608 0.1608 0.1569 0.1569 0.1569 0.1608 0.1569 0.1569 0.1529 0.1529 0.1529 0.2588 0.2588 0.2510 0.2431 0.2353 0.2353 0.2235 0.2235 0.2235 0.2196
0.2196 0.2235 0.2235 0.2235 0.2275 0.2353 0.2392 0.2431 0.2510 0.2510 0.1490 0.1529 0.1529 0.1529 0.1529 0.1569 0.1569 0.1569 0.1569 0.1569 0.1569 0.1569 0.1608 0.1608 0.1608 0.1608 0.1608 0.1608 0.1608 0.1608 0.1608 0.1647 0.1608 0.1608 0.1608 0.1608 0.1647 0.1608 0.1608 0.1608 0.1608 0.1608 0.1608 0.1569 0.1569 0.1569 0.1569 0.1569 0.1529 0.1529 0.1529 0.1529 0.1529 0.1529 0.1529 0.2549 0.2431 0.2431 0.2353 0.2314 0.2275 0.2235 0.2235 0.2196
0.2196 0.2196 0.2196 0.2235 0.2275 0.2314 0.2392 0.2392 0.2471 0.1490 0.1490 0.1490 0.1529 0.1529 0.1529 0.1529 0.1529 0.1569 0.1529 0.1569 0.1569 0.1569 0.1529 0.1569 0.1569 0.1569 0.1569 0.1569 0.1608 0.1608 0.1569 0.1608 0.1608 0.1569 0.1569 0.1569 0.1569 0.1569 0.1608 0.1569 0.1569 0.1569 0.1569 0.1569 0.1569 0.1569 0.1529 0.1529 0.1529 0.1529 0.1529 0.1529 0.1529 0.1490 0.1490 0.1490 0.2510 0.2471 0.2392 0.2392 0.2314 0.2275 0.2235 0.2235
0.2196 0.2235 0.2275 0.2275 0.2275 0.2314 0.2431 0.2431 0.1490 0.1490 0.1490 0.1529 0.1529 0.1529 0.1529 0.1529 0.1529 0.1529 0.1529 0.1569 0.1529 0.1529 0.1569 0.1569 0.1569 0.1569 0.1569 0.1569 0.1569 0.1529 0.1569 0.1569 0.1569 0.1569 0.1569 0.1569 0.1569 0.1569 0.1569 0.1569 0.1529 0.1569 0.1569 0.1569 0.1529 0.1529 0.1529 0.1529 0.1529 0.1529 0.1529 0.1490 0.1529 0.1490 0.1490 0.1490 0.1490 0.1490 0.2353 0.2353 0.2314 0.2275 0.2196 0.2235
0.2157 0.2196 0.2275 0.2235 0.2275 0.2353 0.1490 0.1490 0.1490 0.1490 0.1490 0.1490 0.1529 0.1490 0.1490 0.1490 0.1529 0.1529 0.1529 0.1529 0.1529 0.1529 0.1529 0.1529 0.1569 0.1569 0.1529 0.1569 0.1569 0.1529 0.1569 0.1529 0.1529 0.1529 0.1569 0.1529 0.1569 0.1529 0.1569 0.1529 0.1569 0.1529 0.1529 0.1529 0.1529 0.1529 0.1529 0.1529 0.1529 0.1490 0.1529 0.1490 0.1490 0.1490 0.1490 0.1490 0.1490 0.1490 0.1490 0.2353 0.2275 0.2235 0.2235 0.2196
0.2157 0.2235 0.2235 0.2275 0.2275 0.1490 0.1490 0.1490 0.1490 0.1490 0.1490 0.1490 0.1490 0.1490 0.1490 0.1490 0.1529 0.1529 0.1529 0.1529 0.1529 0.1529 0.1529 0.1529 0.1529 0.1529 0.1529 0.1529 0.1529 0.1569 0.1529 0.1529 0.1529 0.1529 0.1529 0.1529 0.1529 0.1529 0.1529 0.1529 0.1529 0.1529 0.1529 0.1529 0.1529 0.1529 0.1529 0.1490 0.1529 0.1490 0.1490 0.1490 0.1529 0.1490 0.1490 0.1490 0.1490 0.1490 0.1490 0.1490 0.2275 0.2275 0.2235 0.2196
0.2196 0.2196 0.2235 0.2314 0.1490 0.1490 0.1490 0.1490 0.1490 0.1490 0.1490 0.1490 0.1490 0.1490 0.1490 0.1490 0.1490 0.1490 0.1529 0.1529 0.1490 0.1529 0.1529 0.1529 0.1529 0.1529 0.1529 0.1529 0.1529 0.1529 0.1529 0.1529 0.1529 0.1529 0.1529 0.1529 0.1529 0.1529 0.1529 0.1529 0.1529 0.1529 0.1490 0.1490 0.1529 0.1490 0.1490 0.1490 0.1529 0.1490 0.1490 0.1490 0.1490 0.1490 0.1490 0.1490 0.1490 0.1490 0.1490 0.1490 0.1490 0.2235 0.2235 0.2235
0.2196 0.2196 0.2196 0.1451 0.1490 0.1490 0.1490 0.1490 0.1490 0.1490 0.1490 0.1490 0.1490 0.1490 0.1490 0.1490 0.1490 0.1490 0.1490 0.1490 0.1490 0.1490 0.1529 0.1490 0.1529 0.1529 0.1529 0.1529 0.1490 0.1490 0.1490 0.1529 0.1529 0.1529 0.1490 0.1529 0.1529 0.1490 0.1529 0.1529 0.1529 0.1490 0.1529 0.1490 0.1490 0.1490 0.1490 0.1490 0.1490 0.1490 0.1490 0.1490 0.1490 0.1490 0.1490 0.1490 0.1490 0.1490 0.1490 0.1490 0.1451 0.1451 0.1490 0.2196
0.2196 0.1451 0.1490 0.1451 0.1490 0.1490 0.1490 0.1490 0.1490 0.1490 0.1490 0.1490 0.1490 0.1490 0.1490 0.1490 0.1490 0.1490 0.1490 0.1490 0.1490 0.1490 0.1490 0.1490 0.1490 0.1490 0.1490 0.1490 0.1490 0.1529 0.1490 0.1490 0.1490 0.1529 0.1490 0.1490 0.1490 0.1490 0.1490 0.1490 0.1529 0.1490 0.1490 0.1490 0.1490 0.1490 0.1490 0.1490 0.1490 0.1490 0.1490 0.1490 0.1490 0.1490 0.1490 0.1490 0.1490 0.1490 0.1490 0.1451 0.1451 0.1490 0.1451 0.1451
0.1451 0.1451 0.1451 0.1451 0.1451 0.1451 0.1490 0.1490 0.1490 0.1490 0.1490 0.1490 0.1490 0.1490 0.1490 0.1490 0.1490 0.1490 0.1490 0.1490 0.1490 0.1490 0.1490 0.1490 0.1490 0.1490 0.1490 0.1490 0.1490 0.1490 0.1490 0.1490 0.1490 0.1490 0.1490 0.1490 0.1490 0.1490 0.1490 0.1490 0.1490 0.1490 0.1490 0.1490 0.1490 0.1490 0.1490 0.1490 0.1490 0.1490 0.1490 0.1490 0.1490 0.1490 0.1490 0.1490 0.1490 0.1490 0.1490 0.1490 0.1490 0.1490 0.1451 0.1490
0.1451 0.1451 0.1451 0.1451 0.1451 0.1451 0.1490 0.1451 0.1451 0.1490 0.1490 0.1490 0.1490 0.1490 0.1490 0.1490 0.1490 0.1490 0.1490 0.1490 0.1490 0.1490 0.1490 0.1490 0.1490 0.1490 0.1490 0.1490 0.1490 0.1490 0.1490 0.1490 0.1490 0.1490 0.1490 0.1490 0.1490 0.1490 0.1490 0.1490 0.1490 0.1490 0.1490 0.1490 0.1490 0.1490 0.1490 0.1490 0.1490 0.1490 0.1490 0.1490 0.1490 0.1490 0.1490 0.1490 0.1490 0.1451 0.1451 0.1490 0.1451 0.1451 0.1451 0.1451
0.1451 0.1451 0.1451 0.1451 0.1451 0.1490 0.1490 0.1451 0.1490 0.1490 0.1490 0.1490 0.1490 0.1490 0.1490 0.1490 0.1490 0.1490 0.1490 0.1490 0.1490 0.1490 0.1490 0.1490 0.1490 0.1490 0.1490 0.1490 0.1490 0.1490 0.1490 0.1490 0.1490 0.1490 0.1490 0.1490 0.1490 0.1490 0.1490 0.1490 0.1490 0.1490 0.1490 0.1490 0.1490 0.1490 0.1490 0.1490 0.1490 0.1490 0.1490 0.1490 0.1490 0.1490 0.1490 0.1490 0.1490 0.1490 0.1451 0.1451 0.1451 0.1451 0.1451 0.1490
0.1451 0.1451 0.1451 0.1451 0.1451 0.1451 0.1451 0.1490 0.1490 0.1490 0.1490 0.1490 0.1490 0.1451 0.1490 0.1490 0.1490 0.1490 0.1490 0.1490 0.1490 0.1490 0.1490 0.1490 0.1490 0.1490 0.1490 0.1490 0.1490 0.1490 0.1490 0.1490 0.1490 0.1490 0.1490 0.1490 0.1490 0.1490 0.1490 0.1490 0.1490 0.1490 0.1490 0.1490 0.1490 0.1490 0.1490 0.1490 0.1490 0.1490 0.1490 0.1490 0.1451 0.1490 0.1490 0.1490 0.1451 0.1490 0.1451 0.1490 0.1451 0.1451 0.1451 0.1451
0.1451 0.1451 0.1451 0.1451 0.1451 0.1451 0.1451 0.1451 0.1451 0.1451 0.1490 0.1490 0.1451 0.1451 0.1490 0.1451 0.1490 0.1490 0.1490 0.1490 0.1490 0.1490 0.1490 0.1490 0.1490 0.1490 0.1490 0.1490 0.1490 0.1490 0.1490 0.1490 0.1490 0.1490 0.1490 0.1490 0.1490 0.1490 0.1490 0.1490 0.1490 0.1490 0.1490 0.1490 0.1490 0.1490 0.1451 0.1490 0.1490 0.1490 0.1490 0.1490 0.1451 0.1451 0.1490 0.1451 0.1490 0.1451 0.1451 0.1451 0.1451 0.1451 0.1451 0.1451
0.1451 0.1451 0.1451 0.1451 0.1451 0.1451 0.1451 0.1451 0.1451 0.1451 0.1451 0.1451 0.1451 0.1451 0.1490 0.1451 0.1490 0.1451 0.1490 0.1451 0.1490 0.1451 0.1490 0.1490 0.1490 0.1490 0.1490 0.1490 0.1490 0.1490 0.1490 0.1490 0.1490 0.1490 0.1490 0.1490 0.1490 0.1490 0.1490 0.1490 0.1490 0.1490 0.1490 0.1490 0.1490 0.1490 0.1490 0.1451 0.1451 0.1451 0.1451 0.1451 0.1451 0.1451 0.1451 0.1451 0.1451 0.1451 0.1451 0.1451 0.1451 0.1451 0.1451 0.1451
